100
71
214
265
184
293
188
17
326
97
114
62
64
55
27
117
306
297
70
179
195
323
186
189
115
103
51
199
285
211
41
153
35
125
148
312
102
44
38
316
238
225
105
324
269
308
156
314
49
231
335
334
289
42
292
191
13
2
331
109
127
253
73
177
249
36
252
205
193
175
161
198
262
167
150
318
135
207
190
19
217
278
174
151
7
255
219
178
50
223
294
264
336
11
24
228
333
209
90
180
330
182
176
275
15
113
69
33
112
68
4
236
106
259
143
20
169
76
263
140
283
276
215
78
23
37
233
168
270
122
79
295
130
221
134
159
83
53
81
246
201
133
144
123
94
110
165
61
88
67
187
325
274
152
163
200
162
204
155
87
185
250
29
9
206
251
147
66
1
288
260
160
118
287
313
119
111
85
332
95
227
272
311
298
183
142
273
32
300
267
120
229
224
146
92
16
320
65
171
54
60
248
194
86
84
271
128
196
235
138
280
170
303
129
91
291
258
141
45
197
