epoch:0 0.0014  0.0016  0.0016  0.0  0.0147  -1.0  0.03  0.0433  0.0433  0.0  0.0929  -1.0  1.1273  0.005
epoch:1 0.7657  0.9454  0.9096  0.7713  0.7689  -1.0  0.805  0.8217  0.825  0.825  0.825  -1.0  0.6159  0.005
epoch:2 0.7711  0.9608  0.9196  0.7653  0.7851  -1.0  0.7933  0.8133  0.8133  0.8063  0.8214  -1.0  0.2771  0.005
epoch:3 0.8411  0.9759  0.9397  0.8273  0.856  -1.0  0.8667  0.87  0.87  0.8625  0.8786  -1.0  0.1636  0.0017
epoch:4 0.8336  0.9787  0.9787  0.8278  0.8419  -1.0  0.8567  0.8567  0.8567  0.8562  0.8571  -1.0  0.1202  0.0017
epoch:5 0.8437  0.9778  0.9519  0.8312  0.8584  -1.0  0.87  0.8783  0.8783  0.8688  0.8893  -1.0  0.096  0.0017
epoch:6 0.8681  0.9784  0.9599  0.8634  0.873  -1.0  0.8933  0.895  0.895  0.8906  0.9  -1.0  0.0821  0.0005
epoch:7 0.8794  0.9779  0.9703  0.8785  0.8814  -1.0  0.9  0.9083  0.9083  0.9031  0.9143  -1.0  0.0738  0.0005
epoch:8 0.8629  0.9789  0.9729  0.8516  0.8742  -1.0  0.8833  0.89  0.89  0.8781  0.9036  -1.0  0.074  0.0005
epoch:9 0.8741  0.9784  0.9599  0.8712  0.8787  -1.0  0.8967  0.9017  0.9017  0.8969  0.9071  -1.0  0.0718  0.0002
epoch:10 0.8609  0.9787  0.9516  0.8497  0.873  -1.0  0.8833  0.89  0.89  0.8781  0.9036  -1.0  0.0654  0.0002
epoch:11 0.8776  0.9781  0.9781  0.8702  0.8864  -1.0  0.9033  0.9033  0.9033  0.8938  0.9143  -1.0  0.0653  0.0002
epoch:12 0.8792  0.9784  0.9513  0.8723  0.8865  -1.0  0.9017  0.9067  0.9067  0.8969  0.9179  -1.0  0.0646  0.0001
epoch:13 0.8711  0.9779  0.9696  0.8594  0.8839  -1.0  0.895  0.9017  0.9017  0.8875  0.9179  -1.0  0.0706  0.0001
epoch:14 0.8792  0.9784  0.9587  0.8669  0.8918  -1.0  0.9033  0.9033  0.9033  0.8906  0.9179  -1.0  0.0673  0.0001
