epoch:0 0.8326  0.9223  0.9024  -1.0  0.837  -1.0  0.847  0.8624  0.8692  -1.0  0.8692  -1.0  0.7504  0.005
epoch:1 0.8809  0.9826  0.964  -1.0  0.8818  -1.0  0.8991  0.9145  0.9145  -1.0  0.9145  -1.0  0.1986  0.005
epoch:2 0.9299  0.9958  0.9776  -1.0  0.9301  -1.0  0.947  0.947  0.947  -1.0  0.947  -1.0  0.1013  0.005
epoch:3 0.9539  0.9959  0.9771  -1.0  0.9539  -1.0  0.9615  0.9632  0.9632  -1.0  0.9632  -1.0  0.0539  0.0017
epoch:4 0.9567  0.9932  0.9932  -1.0  0.9571  -1.0  0.9615  0.9684  0.9684  -1.0  0.9684  -1.0  0.0437  0.0017
epoch:5 0.9652  0.9927  0.9831  -1.0  0.9656  -1.0  0.965  0.9752  0.9752  -1.0  0.9752  -1.0  0.0402  0.0017
epoch:6 0.9651  0.9969  0.9783  -1.0  0.9651  -1.0  0.9718  0.9718  0.9718  -1.0  0.9718  -1.0  0.0327  0.0005
epoch:7 0.9631  0.9966  0.9781  -1.0  0.9631  -1.0  0.9675  0.9701  0.9701  -1.0  0.9701  -1.0  0.032  0.0005
epoch:8 0.9676  0.9969  0.9875  -1.0  0.9676  -1.0  0.9701  0.9735  0.9735  -1.0  0.9735  -1.0  0.0308  0.0005
epoch:9 0.9687  0.9968  0.9873  -1.0  0.9687  -1.0  0.9709  0.9744  0.9744  -1.0  0.9744  -1.0  0.0289  0.0002
epoch:10 0.9681  0.9944  0.9943  -1.0  0.9683  -1.0  0.9667  0.9761  0.9761  -1.0  0.9761  -1.0  0.0272  0.0002
epoch:11 0.9679  0.9932  0.9929  -1.0  0.9682  -1.0  0.9667  0.9761  0.9761  -1.0  0.9761  -1.0  0.0285  0.0002
epoch:12 0.966  0.9971  0.9877  -1.0  0.966  -1.0  0.9684  0.9718  0.9718  -1.0  0.9718  -1.0  0.0275  0.0001
epoch:13 0.966  0.9937  0.9935  -1.0  0.9663  -1.0  0.965  0.9752  0.9752  -1.0  0.9752  -1.0  0.0272  0.0001
epoch:14 0.9667  0.9943  0.9943  -1.0  0.9672  -1.0  0.9675  0.9744  0.9744  -1.0  0.9744  -1.0  0.027  0.0001
