epoch:0 0.8131  0.9467  0.9319  -1.0  0.8139  -1.0  0.853  0.8573  0.8573  -1.0  0.8573  -1.0  0.7098  0.005
epoch:1 0.8909  0.9604  0.9404  -1.0  0.8925  -1.0  0.9162  0.9179  0.9231  -1.0  0.9231  -1.0  0.2346  0.005
epoch:2 0.9125  0.9638  0.9427  -1.0  0.9138  -1.0  0.9248  0.9368  0.9368  -1.0  0.9368  -1.0  0.1367  0.005
epoch:3 0.939  0.9794  0.957  -1.0  0.9398  -1.0  0.9444  0.9521  0.9521  -1.0  0.9521  -1.0  0.0869  0.0017
epoch:4 0.9531  0.9896  0.9687  -1.0  0.9544  -1.0  0.9615  0.9667  0.9667  -1.0  0.9667  -1.0  0.0621  0.0017
epoch:5 0.9466  0.9918  0.9569  -1.0  0.947  -1.0  0.9573  0.9573  0.9573  -1.0  0.9573  -1.0  0.053  0.0017
epoch:6 0.9452  0.9912  0.9564  -1.0  0.9456  -1.0  0.9564  0.9564  0.9564  -1.0  0.9564  -1.0  0.0476  0.0005
epoch:7 0.9518  0.9928  0.9661  -1.0  0.9522  -1.0  0.9615  0.9615  0.9615  -1.0  0.9615  -1.0  0.0446  0.0005
epoch:8 0.9499  0.9933  0.967  -1.0  0.9502  -1.0  0.9598  0.9598  0.9598  -1.0  0.9598  -1.0  0.0441  0.0005
epoch:9 0.9555  0.9917  0.9703  -1.0  0.9564  -1.0  0.9624  0.9667  0.9667  -1.0  0.9667  -1.0  0.0411  0.0002
epoch:10 0.9512  0.9932  0.9579  -1.0  0.9514  -1.0  0.9598  0.9598  0.9598  -1.0  0.9598  -1.0  0.0394  0.0002
epoch:11 0.9498  0.9911  0.9575  -1.0  0.9502  -1.0  0.9573  0.9598  0.9598  -1.0  0.9598  -1.0  0.0391  0.0002
epoch:12 0.9488  0.9927  0.9671  -1.0  0.949  -1.0  0.959  0.959  0.959  -1.0  0.959  -1.0  0.0384  0.0001
epoch:13 0.952  0.9923  0.958  -1.0  0.9524  -1.0  0.9607  0.9607  0.9607  -1.0  0.9607  -1.0  0.038  0.0001
epoch:14 0.9565  0.9929  0.9674  -1.0  0.9568  -1.0  0.9641  0.9641  0.9641  -1.0  0.9641  -1.0  0.0391  0.0001
